-22
-24
-15
-24
-21
-20
-24
-25
-20
-18
-17
-17
-18
-19
-24
-23
-23
-17
-25
-22
-15
-23
-22
-23
-24
-22
-24
-18
-16
-22
-23
-17
-17
-19
-24
-16
-20
-15
-19
-16
-14
-18
-22
-14
-17
-20
-15
-23
-16
-22
-21
-23
-16
-24
-22
-24
-21
-19
-20
-20
-20
-18
-10
-15
-17
-14
-8
-11
-17
-10
-10
-16
-11
-7
-9
-13
-8
-12
-9
-7
-15
-17
-14
-15
-11
-8
-8
-14
-17
-15
-3
-6
-8
-2
-6
-6
1
0
2
-1
-3
-4
-5
-1
-1
-1
-1
-7
-1
1
1
-7
2
-3
-6
-6
-2
2
-3
-5
-4
12
12
15
14
10
8
14
6
14
12
6
9
8
5
10
5
8
10
10
11
5
13
14
9
5
15
5
8
15
9
23
15
20
16
18
15
25
21
23
16
22
19
16
18
22
25
22
18
22
19
24
18
20
19
23
20
15
19
20
16
21
28
27
23
21
22
21
27
22
19
27
20
28
27
18
28
20
23
18
20
27
18
28
23
28
23
19
22
24
18
24
22
16
22
21
20
14
22
14
15
17
19
19
22
17
20
13
21
17
13
15
18
13
15
15
18
20
13
14
21
23
21
18
17
19
16
12
19
14
17
14
19
20
10
18
18
11
11
17
10
14
16
18
10
18
12
16
20
14
14
15
17
12
8
7
10
2
3
2
1
7
3
0
5
9
0
3
5
0
1
5
8
0
4
9
10
4
3
5
1
1
0
8
-4
-10
-13
-10
-7
-13
-10
-3
-10
-6
-13
-11
-4
-12
-8
-4
-6
-7
-9
-5
-4
-6
-6
-6
-6
-3
-8
-11
-13
-3
-5
-12
-21
-17
-22
-19
-14
-12
-13
-20
-13
-18
-12
-20
-17
-15
-13
-18
-21
-18
-17
-12
-13
-19
-16
-15
-17
-15
-12
-22
-21
